     0 0.415820595 0.583134961
     1 0.997995656 0.979782368
     2 0.002236649 0.676117865
     3 0.65525811 0.525171502
     4 0.000588156 0.588666926
     5 0.826679897 0.832265376
     6 0.791583868 0.310548477
     7 0.03813145 0.668945599
     8 0.103928879 0.996383977
     9 0.189716076 0.954766544
    10 0.866095824 0.701689129
    11 0.676204376 0.14896273
    12 0.110533374 0.97862997
    13 0.176671614 0.640591035
    14 0.234187055 0.737738836
    15 0.880504293 0.481847963
    16 0.989334335 0.737888467
    17 0.972922849 0.177224239
    18 0.084393114 0.841211114
    19 0.550937656 0.791605576
    20 0.183256437 0.892662973
    21 0.893583888 0.513985664
    22 0.945014169 0.048486539
    23 0.73162731 0.141453117
    24 0.553199005 0.99772385
    25 0.42388717 0.410616706
    26 0.49640256 0.055335328
    27 0.00878899 0.044297443
    28 0.778424475 0.464525052
    29 0.485055142 0.163464862
    30 0.823440748 0.838519509
    31 0.026730295 0.48880965
    32 0.146888969 0.932565965
    33 0.765927601 0.254540915
    34 0.962454481 0.797609796
    35 0.457907407 0.48609668
    36 0.177688972 0.016656473
    37 0.228010172 0.80905031
    38 0.592654372 0.544687822
    39 0.521334229 0.426796167
    40 0.629020323 0.301137514
    41 0.342407997 0.834975354
    42 0.224007743 0.546153771
    43 0.77933205 0.03210134
    44 0.280861022 0.242915132
    45 0.089490299 0.033957527
    46 0.593542454 0.733093595
    47 0.041473837 0.08523848
    48 0.10468234 0.38351318
    49 0.991257395 0.747206296
    50 0.204762596 0.44995749
    51 0.650680284 0.789504602
    52 0.657606099 0.817386494
    53 0.924015612 0.216741991
    54 0.441511921 0.921521267
    55 0.859488503 0.091731714
    56 0.526973647 0.893982758
    57 0.607518983 0.377728824
    58 0.41079934 0.555754994
    59 0.345614701 0.106070241
    60 0.013806522 0.622839888
    61 0.59082108 0.226157684
    62 0.149917664 0.040145732
    63 0.409537108 0.302085511
    64 0.402856262 0.403290732
    65 0.097413002 0.19113649
    66 0.574842815 0.383024011
    67 0.33483916 0.471718256
    68 0.261934871 0.489362585
    69 0.988237352 0.861294421
    70 0.384508754 0.447098708
    71 0.91105607 0.918013293
    72 0.133032594 0.325595067
    73 0.838168606 0.49255678
    74 0.784783905 0.364349731
    75 0.360604063 0.596473018
    76 0.540440643 0.920741767
    77 0.295275188 0.201772047
    78 0.439965495 0.229931873
    79 0.662285598 0.005948054
    80 0.012319255 0.893891313
    81 0.446709209 0.544418939
    82 0.299539613 0.511949933
    83 0.816500934 0.45632396
    84 0.1872977 0.165563445
    85 0.44627168 0.965398555
    86 0.919950487 0.783002974
    87 0.931322581 0.234146713
    88 0.310694378 0.667565296
    89 0.694030578 0.818619022
    90 0.016736177 0.620579042
    91 0.557278566 0.902339585
    92 0.260666107 0.155062111
    93 0.794864117 0.302340944
    94 0.494690703 0.928329545
    95 0.827319278 0.33669811
    96 0.230577228 0.194654262
    97 0.730231376 0.374968156
    98 0.929264526 0.792236023
    99 0.134562 0.809096987
   100 0.836943846 0.67015513
   101 0.136395401 0.614999325
   102 0.070103298 0.037195891
   103 0.542580889 0.757753193
   104 0.396428833 0.060353565
   105 0.785658626 0.872613834
   106 0.509962709 0.516057086
   107 0.041659916 0.703855604
   108 0.25379814 0.041273429
   109 0.170088805 0.130458233
   110 0.287713885 0.174898358
   111 0.216641898 0.022942357
   112 0.066412902 0.850063742
   113 0.430071345 0.411508653
   114 0.762703302 0.862255441
   115 0.588519605 0.345759974
   116 0.6363287 0.258096067
   117 0.792132717 0.818642695
   118 0.198332358 0.639660692
   119 0.398792995 0.279420713
   120 0.632440769 0.436863183
   121 0.928493287 0.494101843
   122 0.6778916 0.108355784
   123 0.257056376 0.468028121
   124 0.179323129 0.021806065
   125 0.363633178 0.305260047
   126 0.428822882 0.061706838
   127 0.9692807 0.841440341
   128 0.585949094 0.933259055
   129 0.978886074 0.424107275
   130 0.286186037 0.989308456
   131 0.463451056 0.703090541
   132 0.091547183 0.807438108
   133 0.144669302 0.264861931
   134 0.595421854 0.657571293
   135 0.577950273 0.964256062
   136 0.72128719 0.622927444
   137 0.82184809 0.46378537
   138 0.458468061 0.295440238
   139 0.908323168 0.298859628
   140 0.840494051 0.792359949
   141 0.613894213 0.837753495
   142 0.755481149 0.075059686
   143 0.189420592 0.571327873
   144 0.697908153 0.951491691
   145 0.083023546 0.409749406
   146 0.256799111 0.458349466
   147 0.748042334 0.725126804
   148 0.661618328 0.18805556
   149 0.953938294 0.039925725
   150 0.898587564 0.497489351
   151 0.448300705 0.156459389
   152 0.474616739 0.610841552
   153 0.908350093 0.744171717
   154 0.700460112 0.921321194
   155 0.373556173 0.25267664
   156 0.650264001 0.452624533
   157 0.748306433 0.810819275
   158 0.702876172 0.301181047
   159 0.405749308 0.810893641
   160 0.653243939 0.603681897
   161 0.732224813 0.688645701
   162 0.685265565 0.510362842
   163 0.28499735 0.341132596
   164 0.792977551 0.039572102
   165 0.788332244 0.31106205
   166 0.476966396 0.546332663
   167 0.234388645 0.404611301
   168 0.688491931 0.010174403
   169 0.422886963 0.844593558
   170 0.24333622 0.821298631
   171 0.141867959 0.425691253
   172 0.776792823 0.259307321
   173 0.786261478 0.498425603
   174 0.520882599 0.841172367
   175 0.376846377 0.786122323
   176 0.470805797 0.427263794
   177 0.159815832 0.733562519
   178 0.223868643 0.558511281
   179 0.85667252 0.548172283
   180 0.927391437 0.432722877
   181 0.707044759 0.283956128
   182 0.991108796 0.820119279
   183 0.199797947 0.708692549
   184 0.487334809 0.581137414
   185 0.941621858 0.521954653
   186 0.199973459 0.505201547
   187 0.671536508 0.636521472
   188 0.078161124 0.501579442
   189 0.527593877 0.457832457
   190 0.747817138 0.106794783
   191 0.470261455 0.579732653
   192 0.329300291 0.488749355
   193 0.507275059 0.299626987
   194 0.272376332 0.318789088
   195 0.56129647 0.767817805
   196 0.296447607 0.388269688
   197 0.657683913 0.703515521
   198 0.469123581 0.807555847
   199 0.082104905 0.087496933
   200 0.948180783 0.450458434
   201 0.304357265 0.003008434
   202 0.931556813 0.804156507
   203 0.443871853 0.894147082
   204 0.372432298 0.263680619
   205 0.579308374 0.141656282
   206 0.502571992 0.134164052
   207 0.12877415 0.510559606
   208 0.712082311 0.709958376
   209 0.882767045 0.660464631
   210 0.870608142 0.731863112
   211 0.84962909 0.814727924
   212 0.619460335 0.70699381
   213 0.477867301 0.560737502
   214 0.129816739 0.855104276
   215 0.350788634 0.890136594
   216 0.297730932 0.412856132
   217 0.82887965 0.326660167
   218 0.310531323 0.129627366
   219 0.069353901 0.259046304
   220 0.665229054 0.371468148
   221 0.563133977 0.53871374
   222 0.106470923 0.380642972
   223 0.388299324 0.952441439
   224 0.627161975 0.208920646
   225 0.398793087 0.26965716
   226 0.950337416 0.470243922
   227 0.871748622 0.585841907
   228 0.313374065 0.655342914
   229 0.247035851 0.721354731
   230 0.426394934 0.239198865
   231 0.414562156 0.080877267
   232 0.240907042 0.288471462
   233 0.346953475 0.902004722
   234 0.125688905 0.046139139
   235 0.208522139 0.254438077
   236 0.661052387 0.670907743
   237 0.451509002 0.491463277
   238 0.236733937 0.827682103
   239 0.570951586 0.921001301
   240 0.128338224 0.404994341
   241 0.932058688 0.900298603
   242 0.732469008 0.557774912
   243 0.694895937 0.651397775
   244 0.249703763 0.274371224
   245 0.242409898 0.526041828
   246 0.031739445 0.939846107
   247 0.587922379 0.916048758
   248 0.935817194 0.544093492
   249 0.72727173 0.029193212
   250 0.138194612 0.098448267
   251 0.485880346 0.366113661
   252 0.929810592 0.882747438
   253 0.001803798 0.256531072
   254 0.462464484 0.045477353
   255 0.208897914 0.642660665
   256 0.071482895 0.080520466
   257 0.876969688 0.605586596
   258 0.235262012 0.316853494
   259 0.908133955 0.615535113
   260 0.19427372 0.172547166
   261 0.31050476 0.849027071
   262 0.829229308 0.058421795
   263 0.189779975 0.576452352
   264 0.875857198 0.117395293
   265 0.402444236 0.091229962
   266 0.061923896 0.450937106
   267 0.145750638 0.260132078
   268 0.780055696 0.043383201
   269 0.254204273 0.959076204
   270 0.121558892 0.145920657
   271 0.13647232 0.127875985
   272 0.791719254 0.469550518
   273 0.344342905 0.433539057
   274 0.221070348 0.857744555
   275 0.678946461 0.120226068
   276 0.536701616 0.464876055
   277 0.65016625 0.10137431
   278 0.525306998 0.160286033
   279 0.113437737 0.336785074
   280 0.297281248 0.84793851
   281 0.999127931 0.511735236
   282 0.95197176 0.968867269
   283 0.70774075 0.436792434
   284 0.491867856 0.441859316
   285 0.213335786 0.185426629
   286 0.375573589 0.049548484
   287 0.11577497 0.21442431
   288 0.793216012 0.697377931
   289 0.518213363 0.714637019
   290 0.282509553 0.043907238
   291 0.201560906 0.609779268
   292 0.710998626 0.89211612
   293 0.628146815 0.863924177
   294 0.539421388 0.937888824
   295 0.039793299 0.019821428
   296 0.231220039 0.419401417
   297 0.784567825 0.069554092
   298 0.698188511 0.134127313
   299 0.760781229 0.643125876
   300 0.906856772 0.912313122
   301 0.849935354 0.166472635
   302 0.819510834 0.860836422
   303 0.052038358 0.172751959
   304 0.143775746 0.254288756
   305 0.890157623 0.442457107
   306 0.192606734 0.423991467
   307 0.530529719 0.279185072
   308 0.843101229 0.809563285
   309 0.381877353 0.805976289
   310 0.899672523 0.031016945
   311 0.576805187 0.784683954
   312 0.847838546 0.417362484
   313 0.704938887 0.759333365
   314 0.939718702 0.127106085
   315 0.565417945 0.148063598
   316 0.088718662 0.281356435
   317 0.380507965 0.058684144
   318 0.25619455 0.613613364
   319 0.784698999 0.542786529
   320 0.448833328 0.478407231
   321 0.089767175 0.866858603
   322 0.901292674 0.131677613
   323 0.020953055 0.039763027
   324 0.23311656 0.715723622
   325 0.588973187 0.401217904
   326 0.677490838 0.99110633
   327 0.063425343 0.879356568
   328 0.034916552 0.423743034
   329 0.624421368 0.574170242
   330 0.289172245 0.389731623
   331 0.855973088 0.590547683
   332 0.074283452 0.349604391
   333 0.61999714 0.954158795
   334 0.904298807 0.525837144
   335 0.35135864 0.228666403
   336 0.70081795 0.232345911
   337 0.390862659 0.126097364
   338 0.833353727 0.295653809
   339 0.276907176 0.171162322
   340 0.494934543 0.272593742
   341 0.855632845 0.838404271
   342 0.434681827 0.903933865
   343 0.736664531 0.081461934
   344 0.268314366 0.428514888
   345 0.654874769 0.863673124
   346 0.974309646 0.68230231
   347 0.22567497 0.696023418
   348 0.368252547 0.909342468
   349 0.63637131 0.636330933
   350 0.296230629 0.346406464
   351 0.383278786 0.058270047
   352 0.907609058 0.718218272
   353 0.639542305 0.493365309
   354 0.480504663 0.022055601
   355 0.988477548 0.597567027
   356 0.389748227 0.435765971
   357 0.513792724 0.74701059
   358 0.27348789 0.60105249
   359 0.106055139 0.926314141
   360 0.200951747 0.602532245
   361 0.263042225 0.932450932
   362 0.907584499 0.275656617
   363 0.890171187 0.847725501
   364 0.193507654 0.391881983
   365 0.254733354 0.676522415
   366 0.249942679 0.343732036
   367 0.684047604 0.13677597
   368 0.224861924 0.730775307
   369 0.238501233 0.235972324
   370 0.582236464 0.232716161
   371 0.068695385 0.896152637
   372 0.402270439 0.323077923
   373 0.548917823 0.166170894
   374 0.869987987 0.374613728
   375 0.524982852 0.212566129
   376 0.358183929 0.865962117
   377 0.444196332 0.460980041
   378 0.112121643 0.730563875
   379 0.66811661 0.061453052
   380 0.186226959 0.275757461
   381 0.856362715 0.60380738
   382 0.794891478 0.971153663
   383 0.042382753 0.794909688
   384 0.299489919 0.002914397
   385 0.999915761 0.599169121
   386 0.053925438 0.87329364
   387 0.915003913 0.605769515
   388 0.03682564 0.200688145
   389 0.038799123 0.658346846
   390 0.088960869 0.692556042
   391 0.348980298 0.985039607
   392 0.468071558 0.742152903
   393 0.381919639 0.862852806
   394 0.02124432 0.286141677
   395 0.644239089 0.586568905
   396 0.179898138 0.573171657
   397 0.295680854 0.302540788
   398 0.464942384 0.399634723
   399 0.176127863 0.411329816
   400 0.456802947 0.710127
   401 0.250325825 0.372601799
   402 0.053004981 0.506273312
   403 0.284078462 0.38724626
   404 0.788000178 0.392473283
   405 0.922935268 0.78253017
   406 0.693134654 0.447311436
   407 0.099535236 0.517780477
   408 0.168967587 0.405815948
   409 0.058968123 0.121218236
   410 0.162728261 0.613319895
   411 0.006833003 0.22467609
   412 0.325265077 0.826942106
   413 0.375328857 0.103235432
   414 0.061602704 0.002443163
   415 0.822921578 0.952411037
   416 0.98417991 0.551718911
   417 0.125818982 0.959335981
   418 0.699471833 0.272348102
   419 0.158176223 0.356786894
   420 0.164304939 0.544219556
   421 0.265340774 0.375384628
   422 0.167400402 0.480316377
   423 0.367212397 0.444100352
   424 0.00517203 0.662490974
   425 0.847321214 0.597845568
   426 0.865987191 0.85437221
   427 0.399034914 0.259141434
   428 0.21820722 0.713147385
   429 0.604886487 0.946102632
   430 0.285921174 0.449816973
   431 0.998102176 0.928372094
   432 0.711805125 0.103556645
   433 0.569156109 0.233636688
   434 0.454509896 0.446141225
   435 0.439311115 0.716592129
   436 0.632364803 0.465556279
   437 0.429101863 0.071436554
   438 0.323340266 0.283104777
   439 0.917487378 0.110141715
   440 0.020855488 0.798918277
   441 0.052051701 0.447166632
   442 0.40697354 0.930610867
   443 0.562471573 0.135786396
   444 0.657921621 0.971551493
   445 0.320402924 0.935753368
   446 0.167152577 0.076797862
   447 0.389208219 0.719513883
   448 0.166675759 0.138646289
   449 0.24246523 0.503587799
   450 0.687624727 0.334596153
   451 0.944265518 0.296457213
   452 0.498594749 0.986613849
   453 0.049663604 0.448774979
   454 0.794302275 0.445882369
   455 0.905603731 0.976783567
   456 0.617579757 0.760336859
   457 0.571385229 0.179778821
   458 0.951432062 0.155257862
   459 0.148069463 0.285993196
   460 0.927574108 0.881500986
   461 0.332914015 0.529811421
   462 0.407587571 0.160934188
   463 0.890653157 0.903604926
   464 0.735170312 0.517386938
   465 0.428476825 0.479997533
   466 0.69853972 0.555088733
   467 0.661058227 0.144180748
   468 0.615225666 0.513700069
   469 0.969384374 0.432314118
   470 0.414819723 0.144357747
   471 0.965594141 0.294077513
   472 0.204371889 0.336214688
   473 0.739439039 0.492681553
   474 0.705537041 0.105420004
   475 0.36867469 0.681324171
   476 0.966838875 0.767671486
   477 0.574310789 0.832290522
   478 0.992623787 0.90869064
   479 0.420451636 0.939424162
   480 0.152753014 0.956259236
   481 0.188313788 0.971660093
   482 0.097187486 0.197856944
   483 0.18430247 0.192072437
   484 0.090172586 0.262542243
   485 0.659388572 0.284072662
   486 0.329486666 0.671306148
   487 0.433903302 0.500677982
   488 0.68917772 0.720560466
   489 0.364753728 0.984043823
   490 0.164135421 0.492860348
   491 0.135630162 0.795247959
   492 0.685709428 0.232223026
   493 0.325330099 0.998382276
   494 0.112881407 0.789762027
   495 0.610376834 0.231602659
   496 0.677674254 0.39099474
   497 0.406495054 0.397792336
   498 0.991208524 0.014930326
   499 0.98096496 0.242708123
   500 0.93157062 0.091409759
   501 0.937991509 0.496451742
   502 0.444346109 0.91588651
   503 0.587354887 0.689409627
   504 0.131941769 0.635974619
   505 0.90426166 0.361621634
   506 0.588308691 0.395431326
   507 0.587062606 0.820738195
   508 0.628443244 0.404992166
   509 0.372922583 0.235703017
   510 0.607876426 0.415281672
   511 0.262134023 0.22636682
   512 0.435329859 0.232503749
   513 0.739179764 0.696588288
   514 0.648769884 0.856972576
   515 0.830080782 0.015958853
   516 0.626260033 0.205369651
   517 0.940055235 0.189725582
   518 0.579493772 0.943268285
   519 0.601542215 0.088145291
   520 0.410489616 0.516119117
   521 0.628817736 0.618090844
   522 0.48817835 0.509547793
   523 0.11840854 0.52499124
   524 0.697257283 0.607160425
   525 0.489195638 0.478516704
   526 0.688019391 0.958579145
   527 0.601318716 0.011225461
   528 0.123446193 0.580172517
   529 0.240878838 0.318173519
   530 0.070464845 0.234687126
   531 0.04451063 0.276258222
   532 0.221327179 0.710924825
   533 0.050798494 0.912808012
   534 0.342122549 0.623604886
   535 0.630669484 0.940021058
   536 0.686067132 0.423209951
   537 0.8806551 0.094538992
   538 0.852756026 0.382771035
   539 0.344969466 0.755735545
   540 0.942592368 0.866505308
   541 0.769589507 0.65815583
   542 0.399447783 0.812489375
   543 0.707885231 0.016616141
   544 0.496627671 0.056964325
   545 0.423623074 0.418708118
   546 0.57852429 0.439165811
   547 0.248696709 0.076640003
   548 0.826217121 0.307453387
   549 0.154096455 0.768681143
   550 0.263199806 0.765167442
   551 0.490696038 0.717370286
   552 0.309313582 0.91588923
   553 0.072948145 0.115423557
   554 0.81308851 0.068759825
   555 0.58884315 0.696364369
   556 0.45161865 0.684641889
   557 0.066518512 0.23289931
   558 0.981980174 0.314247782
   559 0.176659793 0.022523813
   560 0.494135854 0.40489946
   561 0.488511088 0.093031644
   562 0.769515963 0.007980895
   563 0.747008496 0.565207411
   564 0.536663218 0.431835931
   565 0.271938157 0.836538323
   566 0.149272142 0.307295366
   567 0.317143483 0.828235945
   568 0.424596247 0.387369552
   569 0.614249219 0.538619765
   570 0.390899097 0.7249229
   571 0.774299244 0.834788869
   572 0.778873141 0.915060766
   573 0.463084542 0.985310439
   574 0.42724254 0.907878334
   575 0.08659132 0.845592157
   576 0.448927991 0.829761732
   577 0.600711953 0.915622093
   578 0.800088505 0.248641734
   579 0.033492605 0.94878074
   580 0.822191528 0.86081303
   581 0.933147875 0.590069204
   582 0.893293617 0.950068184
   583 0.693788196 0.856491653
   584 0.970961276 0.798702101
   585 0.979349991 0.75356868
   586 0.430552348 0.698656919
   587 0.90474423 0.31786111
   588 0.593502782 0.170973419
   589 0.282929608 0.595496039
   590 0.355112105 0.40872927
   591 0.272552133 0.126716305
   592 0.613821218 0.835961796
   593 0.710781367 0.449702792
   594 0.657840736 0.590212439
   595 0.424961624 0.312457303
   596 0.821048065 0.417091664
   597 0.063188719 0.40577008
   598 0.164974832 0.104429324
   599 0.746377792 0.892855138
   600 0.563808555 0.206776978
   601 0.509671449 0.822862975
   602 0.656363075 0.448443759
   603 0.358264383 0.033287877
   604 0.632983237 0.101445164
   605 0.928998386 0.821300215
   606 0.984108716 0.169097305
   607 0.807997137 0.092979107
   608 0.829247984 0.46542723
   609 0.771536944 0.167782542
   610 0.062218526 0.302349026
   611 0.226623679 0.959608023
   612 0.242366101 0.481367752
   613 0.786258557 0.039853181
   614 0.374698602 0.483192591
   615 0.369803285 0.031971943
   616 0.28245863 0.611094172
   617 0.599703407 0.514321492
   618 0.754335826 0.933084138
   619 0.415228746 0.341811655
   620 0.394406126 0.21205561
   621 0.111035543 0.232928388
   622 0.760301127 0.23922094
   623 0.897220278 0.463870577
   624 0.055624321 0.184485035
   625 0.197273225 0.310279479
   626 0.404816803 0.076248136
   627 0.01697396 0.610365365
   628 0.205484908 0.622213959
   629 0.247917485 0.658296515
   630 0.650301452 0.619280952
   631 0.224006569 0.557716939
   632 0.877892856 0.666326382
   633 0.784055415 0.909179595
   634 0.531342947 0.466128157
   635 0.167638467 0.937588856
   636 0.621983407 0.588363871
   637 0.412672977 0.475445433
   638 0.771911963 0.115872735
   639 0.48193588 0.855379788
   640 0.825646016 0.260435112
   641 0.03001204 0.915171554
   642 0.51063903 0.329611918
   643 0.177435466 0.830817146
   644 0.70674602 0.36152833
   645 0.24042309 0.504213668
   646 0.609225416 0.682963159
   647 0.410678252 0.001685941
   648 0.345335009 0.531331406
   649 0.730956822 0.975647008
   650 0.110617969 0.748218476
   651 0.120782941 0.629121701
   652 0.462286417 0.484140498
   653 0.807902443 0.877755927
   654 0.894164279 0.554457991
   655 0.252952584 0.067728267
   656 0.799536752 0.044060453
   657 0.944522944 0.469427416
   658 0.900028353 0.910314643
   659 0.830721205 0.910605638
   660 0.791625684 0.584233777
   661 0.302244704 0.180842575
   662 0.328874497 0.898601503
   663 0.202825662 0.188643498
   664 0.759216755 0.340248812
   665 0.259432106 0.953650703
   666 0.981172501 0.940009633
   667 0.750648866 0.785050471
   668 0.945628636 0.721164295
   669 0.468970774 0.045114999
   670 0.716468313 0.300909849
   671 0.322628854 0.730085067
   672 0.378915344 0.353603328
   673 0.219245891 0.350926276
   674 0.863129399 0.441040593
   675 0.357339003 0.669840009
   676 0.74689885 0.836292738
   677 0.414037396 0.425122344
   678 0.134113462 0.023809203
   679 0.707983392 0.111379739
   680 0.114031449 0.846442518
   681 0.591357766 0.332694039
   682 0.94639292 0.232763503
   683 0.5148521 0.077171511
   684 0.759093768 0.152511176
   685 0.039204787 0.494867059
   686 0.052347363 0.571772787
   687 0.673122141 0.894698328
   688 0.058030518 0.659981315
   689 0.570130606 0.276881651
   690 0.230084585 0.236550865
   691 0.727179037 0.686365569
   692 0.759842151 0.633303978
   693 0.933156749 0.836577677
   694 0.709119013 0.923916571
   695 0.166560676 0.015417762
   696 0.060948054 0.009000965
   697 0.384435851 0.647547497
   698 0.775475342 0.3022066
   699 0.191853637 0.914823878
   700 0.349564209 0.660337693
   701 0.559034459 0.485056267
   702 0.538497229 0.328923928
   703 0.216796657 0.855098596
   704 0.515555631 0.588212951
   705 0.711277207 0.917524178
   706 0.162192467 0.598424942
   707 0.329741515 0.326157725
   708 0.398773713 0.955614527
   709 0.334055706 0.66428876
   710 0.801255674 0.455232705
   711 0.834377332 0.946153834
   712 0.792545221 0.353881222
   713 0.302170535 0.874449206
   714 0.011355307 0.05233713
   715 0.521306408 0.843911436
   716 0.146215427 0.868179228
   717 0.286308345 0.445309858
   718 0.932062821 0.090428081
   719 0.486728328 0.625117613
   720 0.890102964 0.5493397
   721 0.973792212 0.693588519
   722 0.712143513 0.724619351
   723 0.853516256 0.342461662
   724 0.295157259 0.834316531
   725 0.665840659 0.546151175
   726 0.692183411 0.560488501
   727 0.954472947 0.385180836
   728 0.954274852 0.948159567
   729 0.200382213 0.343966812
   730 0.486512316 0.100535265
   731 0.821222273 0.796413077
   732 0.938248518 0.864591545
   733 0.778915939 0.63514138
   734 0.679580095 0.085490292
   735 0.760967341 0.943422754
   736 0.507543821 0.101402509
   737 0.575302819 0.303271731
   738 0.147031696 0.593399924
   739 0.891722495 0.284035985
   740 0.016143644 0.575874099
   741 0.989738268 0.726853852
   742 0.021207891 0.307972695
   743 0.247934798 0.185804176
   744 0.761949179 0.114375561
   745 0.727474689 0.778809468
   746 0.838067027 0.222775444
   747 0.480004291 0.507442424
   748 0.563777748 0.525514406
   749 0.215016479 0.36387468
   750 0.868166061 0.479377479
   751 0.906690469 0.069298326
   752 0.195042509 0.279504973
   753 0.328336866 0.868538571
   754 0.196491773 0.506880855
   755 0.788721843 0.688425877
   756 0.844743467 0.225432213
   757 0.051493761 0.715014007
   758 0.313672926 0.074823849
   759 0.906851941 0.086836077
   760 0.681672569 0.608873662
   761 0.41387001 0.907442215
   762 0.710010507 0.62003386
   763 0.353848562 0.949975943
   764 0.146726251 0.037440237
   765 0.517330454 0.648183016
   766 0.587327437 0.781364294
   767 0.845072181 0.224720205
   768 0.168669592 0.776893092
   769 0.551793478 0.6792245
   770 0.5920314 0.897412168
   771 0.903830444 0.004163206
   772 0.58340882 0.200113778
   773 0.482364439 0.154154504
   774 0.361549164 0.769592537
   775 0.451004309 0.049974595
   776 0.937164663 0.347171869
   777 0.288139583 0.931034955
   778 0.110739853 0.741956702
   779 0.13417238 0.125792815
   780 0.986543044 0.89323006
   781 0.974202454 0.008829016
   782 0.839798412 0.610727945
   783 0.472586933 0.041394696
   784 0.380541294 0.374813014
   785 0.923549103 0.930092526
   786 0.571137963 0.40892424
   787 0.992402904 0.025754099
   788 0.851231405 0.52245773
   789 0.891786364 0.81902498
   790 0.219739206 0.248838198
   791 0.682993518 0.933502662
   792 0.675654085 0.756395609
   793 0.46911234 0.880156719
   794 0.503911764 0.073288224
   795 0.628803821 0.006823415
   796 0.896886549 0.897963366
   797 0.933799918 0.22521579
   798 0.773603774 0.571490362
   799 0.913581149 0.298136544
   800 0.064048539 0.875351126
   801 0.857676307 0.751037453
   802 0.809146996 0.937241048
   803 0.911173544 0.727539068
   804 0.157804036 0.855656234
   805 0.577714527 0.370083464
   806 0.236482107 0.876453083
   807 0.937577208 0.633189233
   808 0.692385747 0.676185794
   809 0.924776207 0.665188312
   810 0.956480557 0.603468223
   811 0.553479077 0.73980236
   812 0.519908304 0.581983007
   813 0.149874102 0.881882733
   814 0.088234863 0.021182195
   815 0.811713391 0.700797668
   816 0.230867677 0.468634705
   817 0.071648775 0.52467106
   818 0.894277937 0.04283724
   819 0.459272682 0.756407454
   820 0.198812875 0.751327097
   821 0.312224713 0.510345205
   822 0.050669528 0.211753868
   823 0.256373932 0.482167697
   824 0.521621964 0.605244931
   825 0.273906641 0.940569365
   826 0.24173413 0.727974513
   827 0.887080315 0.608543986
   828 0.209974234 0.354217206
   829 0.571479212 0.961793124
   830 0.715330214 0.511135369
   831 0.645706331 0.65368671
   832 0.42230556 0.042020917
   833 0.762327416 0.032419701
   834 0.648350886 0.834436736
   835 0.335309117 0.60119103
   836 0.694848145 0.682491154
   837 0.815665663 0.412272307
   838 0.816233366 0.822738175
   839 0.945148038 0.724417941
   840 0.737692197 0.572272815
   841 0.358180023 0.221060866
   842 0.165964716 0.743388975
   843 0.049136221 0.343912494
   844 0.323181316 0.311359759
   845 0.318274321 0.262278361
   846 0.037820376 0.811672705
   847 0.173604155 0.928008461
   848 0.245506181 0.271510028
   849 0.185599578 0.600728546
   850 0.99447352 0.681083224
   851 0.943419461 0.529093773
   852 0.706393853 0.07893938
   853 0.850043765 0.806443887
   854 0.645589178 0.202292064
   855 0.168984224 0.358445962
   856 0.747600348 0.885224153
   857 0.358433549 0.805997817
   858 0.217739092 0.335268409
   859 0.962810496 0.506400116
   860 0.844060916 0.070974862
   861 0.972784336 0.535905865
   862 0.82752354 0.311594866
   863 0.337606131 0.97762693
   864 0.580844058 0.277877203
   865 0.33526267 0.302519369
   866 0.269466209 0.988287844
   867 0.041900237 0.436135224
   868 0.274348161 0.62637418
   869 0.098327183 0.074564098
   870 0.861840776 0.637311844
   871 0.989156592 0.553815674
   872 0.611609366 0.987899102
   873 0.291955601 0.050059969
   874 0.110414646 0.105860722
   875 0.884769151 0.05400822
   876 0.318631058 0.935862716
   877 0.241636541 0.651191321
   878 0.479399476 0.353999243
   879 0.394766323 0.338882025
   880 0.475788564 0.070080042
   881 0.46000686 0.595945924
   882 0.488243418 0.118493326
   883 0.517390902 0.383067768
   884 0.760180154 0.236735591
   885 0.867276617 0.995361546
   886 0.367220617 0.831958896
   887 0.165153816 0.300091679
   888 0.677909583 0.946715209
   889 0.193652585 0.91298539
   890 0.02357425 0.428172417
   891 0.355379389 0.457761196
   892 0.852110769 0.304813664
   893 0.805855574 0.55119168
   894 0.077860635 0.057896635
   895 0.90354048 0.284647976
   896 0.428358992 0.483309715
   897 0.437723718 0.210632799
   898 0.22701506 0.382511551
   899 0.40261962 0.835760434
   900 0.064657293 0.872772643
   901 0.870468977 0.402798452
   902 0.429307008 0.647194083
   903 0.55913488 0.445264382
   904 0.531677623 0.452443301
   905 0.694753742 0.644725728
   906 0.830648871 0.787210434
   907 0.431226114 0.331084582
   908 0.509056797 0.740525955
   909 0.626734045 0.067917848
   910 0.643328086 0.861882694
   911 0.409047761 0.243673294
   912 0.962211405 0.46975698
   913 0.95295805 0.524623835
   914 0.584393126 0.889525884
   915 0.089762033 0.360577132
   916 0.318459302 0.015761904
   917 0.306896043 0.190557027
   918 0.342089578 0.188357799
   919 0.369741655 0.86814348
   920 0.042113222 0.188456358
   921 0.355098542 0.017285639
   922 0.286437295 0.318479475
   923 0.444883664 0.386575794
   924 0.056233763 0.54308556
   925 0.306035535 0.482062831
   926 0.04338109 0.54532933
   927 0.136697695 0.580859894
   928 0.194194036 0.30341631
   929 0.61281272 0.837039504
   930 0.762593674 0.03167986
   931 0.231984569 0.510905104
   932 0.498255998 0.609156226
   933 0.708439457 0.801468584
   934 0.243351299 0.629846899
   935 0.844571508 0.000530451
   936 0.285055273 0.377182025
   937 0.216018634 0.656394446
   938 0.906247977 0.476232264
   939 0.395985959 0.80533785
   940 0.786649699 0.753351333
   941 0.106023782 0.216976215
   942 0.84418285 0.484882617
   943 0.047464191 0.451984848
   944 0.914784665 0.620538801
   945 0.645637324 0.110014686
   946 0.416605271 0.298566825
   947 0.67527373 0.24213879
   948 0.990323876 0.862981745
   949 0.385796317 0.856551188
   950 0.97509862 0.296063295
   951 0.75848681 0.121453951
   952 0.393518927 0.564978569
   953 0.738437168 0.250262129
   954 0.349358604 0.217412186
   955 0.839797449 0.064354606
   956 0.215857374 0.736637185
   957 0.703872075 0.823164886
   958 0.719213977 0.444479281
   959 0.762186932 0.713268658
   960 0.066448949 0.7487725
   961 0.533475747 0.122187492
   962 0.926517948 0.592598531
   963 0.499601753 0.966105136
   964 0.56627111 0.419134821
   965 0.34410661 0.407587888
   966 0.916500209 0.818997007
   967 0.275139197 0.87464913
   968 0.377048621 0.426602146
   969 0.251303741 0.182006856
   970 0.066773547 0.689763165
   971 0.169590582 0.488328731
   972 0.97334883 0.888669993
   973 0.936605251 0.382262421
   974 0.9550128 0.912340496
   975 0.524146981 0.381163795
   976 0.52423403 0.570556246
   977 0.365993285 0.852638819
   978 0.353391527 0.113768868
   979 0.68944774 0.988649437
   980 0.69703293 0.408744347
   981 0.079769053 0.429402944
   982 0.411844172 0.411406295
   983 0.028520362 0.793977177
   984 0.805496205 0.941916007
   985 0.066600114 0.317109222
   986 0.144684998 0.892964774
   987 0.033450228 0.536534169
   988 0.254478856 0.01670437
   989 0.874139833 0.62279144
   990 0.971958794 0.763634982
   991 0.009994267 0.626592565
   992 0.475799452 0.692409573
   993 0.508201218 0.659126971
   994 0.505396063 0.144106761
   995 0.096587166 0.384968454
   996 0.03156691 0.881938644
   997 0.644005799 0.328541096
   998 0.10805216 0.203735424
   999 0.518797749 0.986071735
